1061,Alaska Pacific University,AK,IIB,454,382,362,382,567,485,471,487,6,11,9,4,32
1063,Univ.Alaska-Fairbanks,AK,I,686,560,432,508,914,753,572,677,74,125,118,40,404
1065,Univ.Alaska-Southeast,AK,IIA,533,494,329,415,716,663,442,559,9,26,20,9,70
11462,Univ.Alaska-Anchorage,AK,IIA,612,507,414,498,825,681,557,670,115,124,101,21,392
1002,Alabama Agri.&Mech. Univ.,AL,IIA,442,369,310,350,530,444,376,423,59,77,102,24,262
1004,University of Montevallo,AL,IIA,441,385,310,388,542,473,383,477,57,33,35,2,127
1008,Athens State College,AL,IIB,466,394,351,396,558,476,427,478,20,18,30,0,68
1009,Auburn University- Main,AL,I,580,437,374,455,692,527,451,546,366,354,301,66,1109 
1012,Birmingham Southern College,AL,IIB,498,379,322,401,655,501,404,523,34,25,27,3,89
1016,Univ. of North Alabama,AL,IIB,506,412,359,411,607,508,445,503,67,40,66,27,200
1019,Huntingdon College,AL,IIB,339,303,287,301,421,371,347,366,8,15,19,2,44
1020,Jacksonville State Univ.,AL,IIA,461,389,338,386,585,496,436,493,106,42,66,58,272 
1024,Livingston University,AL,IIB,360,304,258,300,433,369,313,363,27,25,33,4,89